1 - 2
****************************************
2 - 4
       1        1
****************************************
4 - 8
       1        2
****************************************
8 - 16
       1        2
       2        2
****************************************
16 - 32
       1        5
       2        2
       3        1
****************************************
32 - 64
       1        7
       2        7
       3        2
****************************************
64 - 128
       1       13
       2       13
       3        5
       4        1
****************************************
128 - 256
       1       23
       2       27
       3       10
       4        3
       5        1
****************************************
256 - 512
       1       43
       2       52
       3       25
       4        7
       5        1
****************************************
512 - 1,024
       1       75
       2      104
       3       56
       4       16
       5        4
       6        1
****************************************
1,024 - 2,048
       1      137
       2      210
       3      110
       4       42
       5       10
       6        3
****************************************
2,048 - 4,096
       1      255
       2      398
       3      251
       4       87
       5       26
       6        5
       7        2
****************************************
4,096 - 8,192
       1      464
       2      807
       3      498
       4      200
       5       59
       6       16
       7        3
       8        1
****************************************
8,192 - 16,384
       1      872
       2     1542
       3     1070
       4      428
       5      137
       6       36
       7        9
       8        2
****************************************
16,384 - 32,768
       1     1612
       2     3046
       3     2181
       4      933
       5      306
       6       86
       7       22
       8        5
       9        1
****************************************
32,768 - 65,536
       1     3030
       2     5936
       3     4452
       4     2021
       5      675
       6      200
       7       54
       8       12
       9        3
      10        1
****************************************
65,536 - 131,072
       1     5709
       2    11565
       3     9108
       4     4273
       5     1501
       6      445
       7      126
       8       31
       9        9
      10        1
****************************************
131,072 - 262,144
       1    10749
       2    22584
       3    18528
       4     9006
       5     3267
       6     1026
       7      274
       8       78
       9       18
      10        5
      11        1
****************************************
262,144 - 524,288
       1    20390
       2    44012
       3    37562
       4    18891
       5     7097
       6     2233
       7      653
       8      175
       9       46
      10       10
      11        3
****************************************
524,288 - 1,048,576
       1    38635
       2    86062
       3    75699
       4    39632
       5    15171
       6     4936
       7     1460
       8      408
       9      104
      10       29
      11        6
      12        2
****************************************
1,048,576 - 2,097,152
       1    73586
       2   167786
       3   152979
       4    82106
       5    32576
       6    10754
       7     3251
       8      910
       9      255
      10       65
      11       15
      12        4
      13        1
****************************************
2,097,152 - 4,194,304
       1   140336
       2   327936
       3   307316
       4   170576
       5    69000
       6    23416
       7     7148
       8     2074
       9      570
      10      151
      11       41
      12       10
      13        2
****************************************
4,194,304 - 8,388,608
       1   268216
       2   640630
       3   617701
       4   351913
       5   146158
       6    50442
       7    15721
       8     4597
       9     1295
      10      357
      11       92
      12       23
      13        5
      14        2
****************************************
8,388,608 - 16,777,216
       1   513708
       2  1252327
       3  1238817
       4   724913
       5   307785
       6   108337
       7    34240
       8    10161
       9     2924
      10      800
      11      219
      12       55
      13       15
      14        2
      15        1
****************************************
16,777,216 - 33,554,432
       1   985818
       2  2448518
       3  2482528
       4  1488552
       5   646230
       6   231432
       7    74184
       8    22385
       9     6463
      10     1826
      11      494
      12      135
      13       32
      14        9
      15        2
****************************************
33,554,432 - 67,108,864
       1  1894120
       2  4791344
       3  4968149
       4  3050319
       5  1352022
       6   492346
       7   160171
       8    48822
       9    14303
      10     4067
      11     1146
      12      298
      13       83
      14       20
      15        5
      16        1
****************************************
67,108,864 - 134,217,728
       1  3645744
       2  9378159
       3  9935256
       4  6237429
       5  2819681
       6  1044097
       7   344005
       8   106122
       9    31371
      10     9074
      11     2531
      12      713
      13      189
      14       47
      15       10
      16        3
      17        1
****************************************
