68,719,476,736 - 137,438,953,472
67,108,864 - 134,217,728
       1    54544
       2   167905
       3   234294
       4   211056
       5   147001
       6    87454
       7    47992
       8    25130
       9    12751
      10     6230
      11     2925
      12     1392
      13      702
      14      345
      15      138
      16       76
      17       27
      18       27
      19        6
      20        5
****************************************
134,217,728 - 268,435,456
       1    52156
       2   164104
       3   231953
       4   211834
       5   149076
       6    89650
       7    49958
       8    25924
       9    12854
      10     6353
      11     3198
      12     1534
      13      743
      14      348
      15      181
      16       75
      17       33
      18       15
      19        4
      20        4
      21        2
      24        1
****************************************
134,217,728 - 268,435,456
       1    52602
       2   163578
       3   231920
       4   212066
       5   149327
       6    90104
       7    49404
       8    25753
       9    12993
      10     6241
      11     3117
      12     1532
      13      701
      14      356
      15      174
      16       72
      17       29
      18       13
      19       10
      20        3
      21        3
      22        2
****************************************
268,435,456 - 536,870,912
       1    50417
       2   160143
       3   230265
       4   212417
       5   151118
       6    91932
       7    50874
       8    26331
       9    13530
      10     6714
      11     3231
      12     1604
      13      743
      14      354
      15      185
      16       78
      17       34
      18       14
      19       10
      20        3
      21        1
      22        2
****************************************
536,870,912 - 1,073,741,824
       1    48660
       2   156241
       3   227266
       4   212951
       5   153806
       6    93904
       7    52135
       8    27657
       9    13910
      10     6916
      11     3410
      12     1620
      13      771
      14      401
      15      191
      16       89
      17       37
      18       20
      19        9
      20        2
      21        2
      23        2
****************************************
1,073,741,824 - 2,147,483,648
       1    47108
       2   153007
       3   225583
       4   213231
       5   155421
       6    95638
       7    53764
       8    28159
       9    14462
      10     7114
      11     3352
      12     1636
      13      768
      14      405
      15      188
      16       83
      17       43
      18       23
      19        9
      20        3
      21        3
****************************************
2,147,483,648 - 4,294,967,296
       1    45559
       2   149782
       3   223929
       4   214522
       5   156506
       6    96840
       7    54827
       8    29021
       9    14659
      10     7260
      11     3593
      12     1780
      13      879
      14      448
      15      210
      16       83
      17       51
      18       25
      19        9
      20       10
      21        6
      22        1
****************************************
4,294,967,296 - 8,589,934,592
       1    44410
       2   146466
       3   220948
       4   214580
       5   158397
       6    98770
       7    56360
       8    29828
       9    15158
      10     7793
      11     3735
      12     1853
      13      860
      14      438
      15      230
      16       85
      17       40
      18       28
      19       11
      20        5
      21        4
      22        1
****************************************
8,589,934,592 - 17,179,869,184
       1    42936
       2   143998
       3   219377
       4   214351
       5   159656
       6   100542
       7    57285
       8    30687
       9    15665
      10     7876
      11     3940
      12     1924
      13      915
      14      425
      15      221
      16      103
      17       56
      18       25
      19       14
      20        4
****************************************
17,179,869,184 - 34,359,738,368
       1    41772
       2   141278
       3   216940
       4   214324
       5   161143
       6   102199
       7    58633
       8    31372
       9    16377
      10     8104
      11     4101
      12     1919
      13      962
      14      448
      15      220
      16      111
      17       49
      18       22
      19       18
      20        3
      21        1
      22        2
      23        2
****************************************
34,359,738,368 - 68,719,476,736
       1    40712
       2   138544
       3   214741
       4   214629
       5   162948
       6   103431
       7    59596
       8    32060
       9    16733
      10     8476
      11     4179
      12     2028
      13      963
      14      514
      15      223
      16      104
      17       58
      18       33
      19       14
      20        8
      21        4
      22        1
      23        1
****************************************
68,719,476,736 - 137,438,953,472
       1    39332
       2   135970
       3   212861
       4   214542
       5   164123
       6   105524
       7    60871
       8    32683
       9    17145
      10     8467
      11     4277
      12     2173
      13     1055
      14      521
      15      241
      16      116
      17       45
      18       31
      19       15
      20        6
      21        2
****************************************
137,438,953,472 - 274,877,906,944
       1    38504
       2   133139
       3   210981
       4   214835
       5   165569
       6   106664
       7    61944
       8    33722
       9    17278
      10     8871
      11     4330
      12     2129
      13     1019
      14      508
      15      259
      16      129
      17       62
      18       27
      19       16
      20        6
      21        2
      22        4
      24        2
****************************************
274,877,906,944 - 549,755,813,888
       1    37313
       2   130487
       3   209168
       4   214657
       5   167159
       6   107892
       7    63193
       8    34249
       9    17686
      10     9211
      11     4610
      12     2240
      13     1096
      14      545
      15      253
      16      123
      17       62
      18       28
      19       17
      20        3
      21        3
      22        4
      23        1
****************************************
549,755,813,888 - 1,099,511,627,776
       1    36351
       2   128604
       3   207042
       4   214776
       5   167540
       6   109756
       7    64164
       8    35211
       9    18150
      10     9325
      11     4652
      12     2250
      13     1094
      14      571
      15      261
      16      126
      17       68
      18       27
      19       18
      20        5
      21        4
      22        3
      24        1
      25        1
****************************************
1,099,511,627,776 - 2,199,023,255,552
       1    35589
       2   126110
       3   204727
       4   214399
       5   169075
       6   111674
       7    65354
       8    35511
       9    18612
      10     9676
      11     4778
      12     2251
      13     1143
      14      594
      15      256
      16      118
      17       73
      18       27
      19       20
      20        7
      21        4
      22        1
      23        1
****************************************
2,199,023,255,552 - 4,398,046,511,104
       1    34778
       2   123510
       3   203672
       4   213894
       5   170460
       6   113010
       7    66367
       8    35874
       9    18909
      10     9663
      11     4980
      12     2529
      13     1214
      14      573
      15      300
      16      139
      17       65
      18       27
      19       20
      20        7
      21        3
      22        3
      23        2
      24        1
****************************************
4,398,046,511,104 - 8,796,093,022,208
       1    33730
       2   121564
       3   201718
       4   213139
       5   171661
       6   113466
       7    67431
       8    37467
       9    19508
      10    10065
      11     5227
      12     2532
      13     1271
      14      622
      15      303
      16      158
      17       67
      18       41
      19       17
      20        8
      21        4
      23        1
****************************************
8,796,093,022,208 - 17,592,186,044,416
       1    33048
       2   120346
       3   199840
       4   213310
       5   171872
       6   115161
       7    68594
       8    37456
       9    19996
      10    10269
      11     5150
      12     2465
      13     1281
      14      596
      15      342
      16      137
      17       63
      18       36
      19       24
      20        8
      21        2
      22        2
      25        2
****************************************
17,592,186,044,416 - 35,184,372,088,832
       1    32270
       2   118192
       3   198670
       4   212699
       5   172765
       6   115893
       7    69490
       8    38609
       9    20471
      10    10499
      11     5238
      12     2654
      13     1284
      14      660
      15      318
      16      149
      17       68
      18       40
      19       15
      20        8
      21        5
      22        2
      23        1
****************************************
35,184,372,088,832 - 70,368,744,177,664
       1    31749
       2   116467
       3   196503
       4   212439
       5   173411
       6   117655
       7    70564
       8    38998
       9    20686
      10    10842
      11     5432
      12     2593
      13     1357
      14      663
      15      323
      16      159
      17       81
      18       50
      19       13
      20        9
      21        4
      22        1
      25        1
****************************************
70,368,744,177,664 - 140,737,488,355,328
       1    30733
       2   114270
       3   194954
       4   212727
       5   174817
       6   118979
       7    71089
       8    39576
       9    21255
      10    10887
      11     5475
      12     2714
      13     1269
      14      656
      15      292
      16      153
      17       88
      18       30
      19       19
      20        8
      21        7
      23        1
      24        1
****************************************
140,737,488,355,328 - 281,474,976,710,656
       1    30124
       2   113287
       3   193061
       4   212014
       5   174904
       6   119996
       7    72375
       8    40817
       9    21300
      10    11051
      11     5593
      12     2749
      13     1410
      14      662
      15      345
      16      159
      17       82
      18       36
      19       23
      20        9
      21        1
      23        2
****************************************
1,125,899,906,842,624 - 2,251,799,813,685,248
