1 - 10 samples 9
       0        1
       1        4
       2        3
       3        1
****************************************
10 - 100 samples 45
       1       13
       2       16
       3       11
       4        3
       5        1
       6        1
****************************************
100 - 1,000 samples 143
       1       25
       2       47
       3       34
       4       20
       5        7
       6        8
       7        1
       8        1
****************************************
1,000 - 10,000 samples 347
       1       34
       2       84
       3      100
       4       56
       5       31
       6       20
       7       13
       8        6
       9        1
      10        2
****************************************
10,000 - 100,000 samples 699
       1       63
       2      163
       3      185
       4      115
       5       77
       6       49
       7       27
       8       10
       9        5
      11        4
      12        1
****************************************
100,000 - 1,000,000 samples 1,231
       1      104
       2      266
       3      276
       4      225
       5      173
       6      102
       7       40
       8       19
       9       17
      10        5
      11        2
      12        2
****************************************
1,000,000 - 10,000,000 samples 1,955
       1      124
       2      361
       3      448
       4      395
       5      294
       6      161
       7       83
       8       47
       9       23
      10       12
      11        6
      15        1
****************************************
10,000,000 - 100,000,000 samples 2,864
       1      162
       2      483
       3      668
       4      655
       5      389
       6      238
       7      136
       8       68
       9       35
      10       13
      11        8
      12        6
      13        1
      14        1
      15        1
****************************************
100,000,000 - 1,000,000,000 samples 3,934
       1      192
       2      639
       3      891
       4      812
       5      589
       6      386
       7      216
       8      107
       9       57
      10       22
      11       10
      12        5
      13        7
      14        1
****************************************
1,000,000,000 - 10,000,000,000 samples 5,130
       1      222
       2      756
       3     1186
       4     1084
       5      782
       6      509
       7      288
       8      144
       9       80
      10       36
      11       17
      12       12
      13       11
      14        1
      15        2
****************************************
10,000,000,000 - 100,000,000,000 samples 6,411
       1      283
       2      873
       3     1387
       4     1385
       5     1014
       6      674
       7      392
       8      189
       9      100
      10       60
      11       25
      12       13
      13       11
      14        2
      16        3
****************************************
100,000,000,000 - 1,000,000,000,000 samples 7,736
       1      281
       2     1032
       3     1607
       4     1608
       5     1320
       6      850
       7      477
       8      268
       9      141
      10       76
      11       43
      12       19
      13        4
      14        8
      15        2
****************************************
1,000,000,000,000 - 10,000,000,000,000 samples 9,067
       1      315
       2     1090
       3     1894
       4     1990
       5     1522
       6     1038
       7      561
       8      304
       9      172
      10       92
      11       54
      12       21
      13        8
      14        5
      18        1
****************************************
10,000,000,000,000 - 100,000,000,000,000 samples 10,371
       1      349
       2     1215
       3     2002
       4     2188
       5     1841
       6     1240
       7      728
       8      415
       9      194
      10      110
      11       47
      12       24
      13        7
      14        9
      16        2
****************************************
100,000,000,000,000 - 1,000,000,000,000,000 samples 11,625
       1      388
       2     1259
       3     2273
       4     2441
       5     2078
       6     1346
       7      851
       8      467
       9      246
      10      137
      11       72
      12       30
      13       18
      14       11
      15        2
      16        5
      17        1
****************************************
1,000,000,000,000,000 - 10,000,000,000,000,000 samples 12,809
       1      352
       2     1431
       3     2368
       4     2692
       5     2274
       6     1533
       7     1000
       8      572
       9      310
      10      140
      11       72
      12       33
      13       12
      14       12
      15        3
      16        2
      17        2
      18        1
****************************************
10,000,000,000,000,000 - 100,000,000,000,000,000 samples 13,911
       1      346
       2     1417
       3     2512
       4     3016
       5     2502
       6     1714
       7     1103
       8      631
       9      316
      10      163
      11       89
      12       45
      13       29
      14       20
      15        3
      16        4
      17        1
****************************************
100,000,000,000,000,000 - 1,000,000,000,000,000,000 samples 14,925
       1      358
       2     1417
       3     2620
       4     3141
       5     2771
       6     1950
       7     1179
       8      698
       9      397
      10      197
      11      100
      12       36
      13       28
      14       19
      15        3
      16        7
      17        3
      20        1
****************************************
1,000,000,000,000,000,000 - 10,000,000,000,000,000,000 samples 15,848
       1      382
       2     1497
       3     2764
       4     3223
       5     2949
       6     2085
       7     1293
       8      766
       9      462
      10      241
      11       81
      12       60
      13       20
      14       14
      15        6
      16        2
      17        2
      20        1
****************************************
10,000,000,000,000,000,000 - 100,000,000,000,000,000,000 samples 16,680
