1 - 2
       0        1
****************************************
2 - 4
       1        2
****************************************
4 - 8
       1        2
       2        2
****************************************
8 - 16
       1        2
       2        4
       3        2
****************************************
16 - 32
       1        5
       2        4
       3        5
       4        2
****************************************
32 - 64
       1        7
       2       12
       3        6
       4        5
       5        2
****************************************
64 - 128
       1       13
       2       20
       3       17
       4        7
       5        5
       6        2
****************************************
128 - 256
       1       23
       2       40
       3       30
       4       20
       5        8
       6        5
       7        2
****************************************
256 - 512
       1       43
       2       75
       3       65
       4       37
       5       21
       6        8
       7        5
       8        2
****************************************
512 - 1,024
       1       75
       2      147
       3      131
       4       81
       5       41
       6       22
       7        8
       8        5
       9        2
****************************************
1,024 - 2,048
       1      137
       2      285
       3      257
       4      173
       5       91
       6       44
       7       22
       8        8
       9        5
      10        2
****************************************
2,048 - 4,096
       1      255
       2      535
       3      536
       4      344
       5      199
       6       96
       7       46
       8       22
       9        8
      10        5
      11        2
****************************************
4,096 - 8,192
       1      464
       2     1062
       3     1033
       4      736
       5      403
       6      215
       7       99
       8       47
       9       22
      10        8
      11        5
      12        2
****************************************
8,192 - 16,384
       1      872
       2     2006
       3     2132
       4     1461
       5      873
       6      439
       7      224
       8      101
       9       47
      10       22
      11        8
      12        5
      13        2
****************************************
16,384 - 32,768
       1     1612
       2     3918
       3     4187
       4     3065
       5     1767
       6      959
       7      461
       8      229
       9      102
      10       47
      11       22
      12        8
      13        5
      14        2
****************************************
32,768 - 65,536
       1     3030
       2     7548
       3     8370
       4     6208
       5     3740
       6     1967
       7     1013
       8      473
       9      232
      10      103
      11       47
      12       22
      13        8
      14        5
      15        2
****************************************
65,536 - 131,072
       1     5709
       2    14595
       3    16656
       4    12643
       5     7709
       6     4185
       7     2093
       8     1044
       9      482
      10      233
      11      103
      12       47
      13       22
      14        8
      15        5
      16        2
****************************************
131,072 - 262,144
       1    10749
       2    28293
       3    33123
       4    25662
       5    15910
       6     8735
       7     4459
       8     2171
       9     1062
      10      487
      11      234
      12      103
      13       47
      14       22
      15        8
      16        5
      17        2
****************************************
262,144 - 524,288
       1    20390
       2    54761
       3    65855
       4    52014
       5    32759
       6    18143
       7     9388
       8     4634
       9     2217
      10     1072
      11      490
      12      234
      13      103
      14       47
      15       22
      16        8
      17        5
      18        2
****************************************
524,288 - 1,048,576
       1    38635
       2   106452
       3   130460
       4   105487
       5    67185
       6    37695
       7    19603
       8     9796
       9     4738
      10     2246
      11     1078
      12      492
      13      234
      14      103
      15       47
      16       22
      17        8
      18        5
      19        2
****************************************
1,048,576 - 2,097,152
       1    73586
       2   206421
       3   259431
       4   212566
       5   138063
       6    77939
       7    40946
       8    20513
       9    10051
      10     4803
      11     2261
      12     1082
      13      493
      14      234
      15      103
      16       47
      17       22
      18        8
      19        5
      20        2
****************************************
2,097,152 - 4,194,304
       1   140336
       2   401522
       3   513737
       4   430007
       5   281566
       6   161479
       7    85087
       8    43020
       9    21083
      10    10202
      11     4844
      12     2271
      13     1084
      14      493
      15      234
      16      103
      17       47
      18       22
      19        8
      20        5
      21        2
****************************************
4,194,304 - 8,388,608
       1   268216
       2   780966
       3  1019223
       4   865650
       5   576165
       6   332008
       7   177200
       8    89684
       9    44315
      10    21440
      11    10294
      12     4867
      13     2276
      14     1086
      15      493
      16      234
      17      103
      18       47
      19       22
      20        8
      21        5
      22        2
****************************************
8,388,608 - 16,777,216
       1   513708
       2  1520543
       3  2019783
       4  1744136
       5  1173435
       6   684502
       7   366248
       8   187361
       9    92608
      10    45115
      11    21659
      12    10349
      13     4882
      14     2278
      15     1087
      16      493
      17      234
      18      103
      19       47
      20       22
      21        8
      22        5
      23        2
****************************************
16,777,216 - 33,554,432
       1   985818
       2  2962226
       3  4003071
       4  3508335
       5  2390366
       6  1404867
       7   758686
       8   388633
       9   193824
      10    94434
      11    45609
      12    21794
      13    10381
      14     4891
      15     2280
      16     1087
      17      493
      18      234
      19      103
      20       47
      21       22
      22        8
      23        5
      24        2
****************************************
33,554,432 - 67,108,864
       1  1894120
       2  5777162
       3  7930375
       4  7053390
       5  4860357
       6  2882712
       7  1565038
       8   807508
       9   402936
      10   197891
      11    95580
      12    45907
      13    21877
      14    10401
      15     4896
      16     2281
      17     1087
      18      493
      19      234
      20      103
      21       47
      22       22
      23        8
      24        5
      25        2
****************************************
